Model,rep,rTr,rTs
BaselineMM,1,0.350297207210936,0.110402259263934
EMDs,1,0.999818921438622,0.745688233499027
RxnNormMDs,1,0.999835119560713,0.725106231587502
BaselineMM,1,0.350317019584059,0.111200237653262
BaselineMM,2,0.363698211728801,0.0797406032783965
EMDs,2,0.999797277715154,0.795642196318769
EMDs,1,0.999815212808021,0.742863689033578
RxnNormMDs,1,0.999834306365781,0.73263116019537
RxnNormMDs,2,0.999812102370152,0.778431471081839
BaselineMM,4,0.356504453583642,0.0931480654006872
BaselineMM,6,0.333037822689017,0.150835819460533
BaselineMM,8,0.359952684301846,0.103201133838714
BaselineMM,10,0.3688047737042,0.0758229455991912
BaselineMM,5,0.349932616869461,0.128236789107693
BaselineMM,2,0.361685588463811,0.0846370901811998
BaselineMM,7,0.354424535314718,0.129697148795181
BaselineMM,9,0.359297404415745,0.110685543905302
BaselineMM,1,0.347472593117191,0.112204781712844
BaselineMM,3,0.351796889653177,0.113093683301352
EMDs,2,0.999709239607403,0.785759069973805
EMDs,6,0.999672261350015,0.763436431181875
EMDs,7,0.999738983999138,0.791100295621222
EMDs,3,0.99972394058504,0.742992617676843
EMDs,5,0.999710001809685,0.754228283825131
EMDs,9,0.999722422872215,0.772309135448705
EMDs,10,0.999695959316592,0.779655658722656
EMDs,8,0.999701285704065,0.754827092335212
EMDs,1,0.999735959433231,0.739990465697507
EMDs,4,0.999701035321758,0.745855130111764
RxnNormMDs,10,0.999713471074257,0.757683327909953
RxnNormMDs,8,0.999747271913024,0.725842598149679
RxnNormMDs,2,0.999706406235892,0.7628507006845
RxnNormMDs,1,0.999722897642499,0.705393092712578
RxnNormMDs,7,0.999721252744782,0.766362117621308
RxnNormMDs,3,0.999755892848461,0.702044291614986
RxnNormMDs,9,0.999741374285584,0.743750875146006
RxnNormMDs,6,0.999747561554763,0.733344807954134
RxnNormMDs,5,0.999751299958952,0.736793770373
RxnNormMDs,4,0.999721836231499,0.739950478554906
BaselineMM,3,0.351327957817693,0.11424398158815
BaselineMM,4,0.358853807790063,0.0844045039530641
BaselineMM,7,0.352878941097632,0.128708876861049
BaselineMM,5,0.348971531898994,0.126510341386659
BaselineMM,6,0.337171923523263,0.142005313852842
BaselineMM,8,0.360893700659975,0.0961619841893088
BaselineMM,9,0.358195090303846,0.118410703220795
BaselineMM,10,0.369226092507657,0.0768877517170752
BaselineMM,1,0.348727853849163,0.105613311191341
BaselineMM,2,0.361223151962379,0.0771925712262582
EMDs,3,0.999724238220037,0.727355216065388
EMDs,4,0.999724675661354,0.746606426255464
EMDs,6,0.999718211797765,0.760274625319368
EMDs,1,0.999717905042583,0.728047150698706
EMDs,8,0.999708938843534,0.76210856266407
EMDs,2,0.99968070110345,0.774833094028688
EMDs,9,0.999704496968624,0.759081581532456
EMDs,5,0.99973636830763,0.756298078962016
EMDs,10,0.999703328973575,0.779095120277587
EMDs,7,0.999731642050614,0.789131560895624
RxnNormMDs,10,0.999730441503117,0.760690996204208
RxnNormMDs,2,0.999693787995317,0.774533676375725
RxnNormMDs,9,0.999733436891524,0.742933325398216
RxnNormMDs,4,0.999688906249873,0.73244333114839
RxnNormMDs,8,0.999723343073744,0.741160807871872
RxnNormMDs,7,0.999744498550961,0.766270972552961
RxnNormMDs,5,0.999757794506565,0.741353040192507
RxnNormMDs,1,0.999760402868832,0.708547304381117
RxnNormMDs,3,0.999763771803595,0.71433432789817
RxnNormMDs,6,0.999733602348999,0.735507242151173
BaselineMM,5,0.350368024180088,0.127317905801924
BaselineMM,3,0.352513224022522,0.112749615872106
BaselineMM,7,0.354369571672114,0.132663909330869
BaselineMM,8,0.361847662961034,0.102958169927161
BaselineMM,9,0.360852695436762,0.110586295296357
BaselineMM,4,0.359296165228825,0.0886056772818357
BaselineMM,10,0.369231830031809,0.0757973296748096
BaselineMM,6,0.336087236820206,0.146289862036156
BaselineMM,2,0.363220595653782,0.0780489350282818
EMDs,10,0.999800865324975,0.785289743900898
BaselineMM,1,0.349049602981856,0.111492678284773
EMDs,7,0.999813247317173,0.799367142292006
EMDs,5,0.999806474941759,0.769288510910908
EMDs,9,0.999804935325604,0.771471387771896
EMDs,4,0.999796092771425,0.759583212516847
EMDs,3,0.999810455301404,0.748130385563342
EMDs,2,0.999796487166179,0.792777687731085
EMDs,6,0.999788572035724,0.771697918418196
EMDs,8,0.999790539555612,0.770942659860893
EMDs,1,0.999813160446468,0.741590185638839
RxnNormMDs,3,0.999819552762516,0.722997699980791
RxnNormMDs,9,0.999818736031638,0.756194108017907
RxnNormMDs,10,0.999814297709101,0.771622053503991
RxnNormMDs,5,0.999829691863864,0.747632672005385
RxnNormMDs,2,0.999807860633554,0.781313731324801
RxnNormMDs,7,0.999830127076978,0.786128306172286
RxnNormMDs,4,0.999808173054722,0.745786253818013
RxnNormMDs,6,0.999813833115211,0.754349935378968
RxnNormMDs,1,0.999835096568551,0.728618329596003
RxnNormMDs,8,0.99981946347759,0.760673050028872
BaselineMM,1,0.350540598697476,0.101979523431578
BaselineMM,8,0.361374303914053,0.108653187743341
BaselineMM,9,0.359552115402044,0.111139918047572
BaselineMM,6,0.337162571998076,0.146946945298628
BaselineMM,4,0.35761721048179,0.0841066953904598
BaselineMM,10,0.369202710264927,0.0733625512842113
BaselineMM,2,0.3627701631657,0.077121407218784
BaselineMM,3,0.35287819699379,0.106520555191032
BaselineMM,5,0.351235682084477,0.123614723297491
BaselineMM,7,0.354699417152079,0.133762867633666
EMDs,4,0.999694183900507,0.748243907505779
EMDs,6,0.99967862115539,0.762288895783558
EMDs,8,0.999698755179607,0.757505954408181
EMDs,1,0.999742004652075,0.722156221156646
EMDs,2,0.999696972905181,0.77352329446826
EMDs,7,0.999733925942327,0.779991754964167
EMDs,10,0.999701012380918,0.771795660486681
EMDs,3,0.999696269053864,0.730779216566836
EMDs,5,0.999710473634405,0.756912058847858
EMDs,9,0.999706190536055,0.765706900985683
RxnNormMDs,10,0.999730998113413,0.749625954674373
RxnNormMDs,9,0.99974324241553,0.736512378443885
RxnNormMDs,7,0.999745425060867,0.771512140388704
RxnNormMDs,3,0.999749227473193,0.706085372813239
RxnNormMDs,2,0.999691526578711,0.759699091388547
RxnNormMDs,4,0.999733756632151,0.734585622739961
RxnNormMDs,6,0.999710621359381,0.732608323559184
RxnNormMDs,8,0.999718134933867,0.735560809021322
RxnNormMDs,1,0.999754689288413,0.714560273430572
RxnNormMDs,5,0.999745454503229,0.749963685161362
BaselineMM,1,0.350849798342934,0.107556941120396
BaselineMM,3,0.35339172140405,0.10898421128953
BaselineMM,10,0.368527222114998,0.0770234681306603
EMDs,1,0.999808055934434,0.750004758452841
EMDs,4,0.999793581519362,0.7643064934594
EMDs,10,0.999791194431769,0.786139574318041
EMDs,9,0.999793663246136,0.775647469995492
EMDs,3,0.999809468789684,0.745830295384141
RxnNormMDs,2,0.999804460161219,0.778818889778676
RxnNormMDs,1,0.999828489113294,0.724806102024028
RxnNormMDs,9,0.999811991921823,0.758321591688409
RxnNormMDs,10,0.999809840345883,0.774158213066658
RxnNormMDs,3,0.999829192081683,0.730050410626975
BaselineMM,2,0.362995342305219,0.0769578347688221
BaselineMM,8,0.361267181325905,0.106602455378651
BaselineMM,7,0.354325556422053,0.132463924916582
BaselineMM,4,0.359108966719718,0.0889075298145927
BaselineMM,5,0.351443018443685,0.124631082870711
BaselineMM,6,0.336878356574409,0.147829011713405
BaselineMM,9,0.360953617130105,0.107433103592248
RxnNormMDs,4,0.999793604491056,0.744633485597645
RxnNormMDs,8,0.999807563749682,0.756207062759713
RxnNormMDs,6,0.999810289202723,0.751310744649261
EMDs,7,0.999805742866701,0.800868712133514
EMDs,5,0.999810174957677,0.769727827989698
EMDs,6,0.999797586293417,0.769440127189932
EMDs,8,0.999801083306688,0.774778422347173
RxnNormMDs,7,0.99982344405762,0.789802810124169
EMDs,2,0.999802222687002,0.795238721435305
RxnNormMDs,5,0.999805642287067,0.76210575002792
BaselineMM,5,0.350184236720289,0.126111037866546
BaselineMM,10,0.368686128466371,0.0761999922347524
BaselineMM,1,0.349649380805364,0.108647917055607
BaselineMM,4,0.359133067701096,0.0887020783251154
BaselineMM,2,0.362844334479405,0.0787341844988207
BaselineMM,8,0.360378896920591,0.107046809923882
BaselineMM,3,0.352743053534241,0.110662966734376
BaselineMM,6,0.336249186849747,0.146180644109507
BaselineMM,7,0.354970495222288,0.130999397695172
BaselineMM,9,0.361604615421522,0.109540843555307
EMDs,2,0.999800094129592,0.793543080125584
EMDs,6,0.999793448314385,0.76659485573176
EMDs,5,0.999799817229738,0.770071759009214
EMDs,7,0.999806490975384,0.799181569352931
EMDs,10,0.999803142475302,0.786313347384486
RxnNormMDs,10,0.999815062021585,0.774131240668144
RxnNormMDs,9,0.999809704477312,0.757610979014356
RxnNormMDs,7,0.999831856070059,0.787180929025506
EMDs,8,0.999782639743463,0.773692391310969
EMDs,3,0.999803907237654,0.742944258481824
EMDs,9,0.99978763745905,0.772535356867102
EMDs,4,0.999796658918935,0.757926010830787
EMDs,1,0.999814517410024,0.748499185183003
RxnNormMDs,1,0.999836705532008,0.724870721486936
RxnNormMDs,4,0.999814481079003,0.748140479488189
RxnNormMDs,5,0.999833920989431,0.750574463534678
RxnNormMDs,3,0.999830303916323,0.731270099280957
RxnNormMDs,6,0.999806486784118,0.752993527153263
RxnNormMDs,8,0.999816015734262,0.754822212928613
RxnNormMDs,2,0.999824732860222,0.783042582944097
BaselineMM,4,0.358449218800729,0.0878898594400677
BaselineMM,1,0.351974809447942,0.0998463100999852
BaselineMM,8,0.360167445501684,0.108008959059024
EMDs,8,0.9997145827069,0.757912907346123
BaselineMM,10,0.367103744850485,0.0796451445103128
BaselineMM,3,0.351182971161344,0.118870934140597
BaselineMM,7,0.351433239965161,0.132420937397549
BaselineMM,5,0.350218179309403,0.119862187180717
BaselineMM,6,0.335845941235525,0.14330335740575
BaselineMM,2,0.360131242874534,0.0810583919499874
BaselineMM,9,0.35908773305027,0.110453019067376
EMDs,9,0.999722954962277,0.764357880777952
EMDs,5,0.999713314215665,0.755761177740502
EMDs,6,0.999688202719924,0.753147651416844
EMDs,2,0.999708553762519,0.773663311208762
RxnNormMDs,3,0.999737348823552,0.70588450881567
RxnNormMDs,4,0.999750519596535,0.729193270275997
RxnNormMDs,5,0.999754594513669,0.733544728492097
EMDs,7,0.999719285348897,0.779428866522789
EMDs,1,0.999719216099305,0.735975217945085
EMDs,3,0.999725782456949,0.733747807448776
EMDs,4,0.999702292176674,0.750204270776864
EMDs,10,0.999727145505165,0.770852014415665
RxnNormMDs,1,0.999761635438097,0.718654258252034
RxnNormMDs,8,0.999749959817292,0.736082624354291
RxnNormMDs,10,0.999741331831087,0.749748288092189
RxnNormMDs,9,0.999710465255541,0.726444643042535
RxnNormMDs,6,0.999744765365114,0.73089941856804
RxnNormMDs,7,0.999718056487057,0.774978289298919
RxnNormMDs,2,0.999718953586587,0.762351468196013
BaselineMM,4,0.359252641157837,0.0856606867406853
BaselineMM,8,0.361083146368014,0.101742020761702
BaselineMM,9,0.360680218282208,0.109664454347338
BaselineMM,7,0.353209453549263,0.134650571662752
BaselineMM,1,0.348170172102572,0.106802721465669
BaselineMM,2,0.362734602577402,0.0758658618948644
BaselineMM,5,0.350846224285304,0.12691079558317
BaselineMM,3,0.348708201515417,0.116211538072594
BaselineMM,6,0.335118904552465,0.151726179417214
BaselineMM,10,0.368551120290728,0.0695220638645863
EMDs,10,0.9996969739084,0.773567876298061
EMDs,7,0.999696311722685,0.792460734257264
EMDs,9,0.999716771125543,0.76140175588783
EMDs,4,0.999699797706627,0.75925820877406
EMDs,1,0.999728538730706,0.732465016110251
EMDs,3,0.999712726809077,0.731356793640909
EMDs,5,0.999727890316867,0.749434910424067
EMDs,2,0.999714404534445,0.769937177072386
EMDs,6,0.999696526199894,0.767411710691426
EMDs,8,0.999691274086214,0.751149329612782
RxnNormMDs,3,0.999727414920606,0.699496985799757
RxnNormMDs,7,0.999770490055159,0.772006764830355
RxnNormMDs,9,0.999708741237864,0.740287853326938
RxnNormMDs,8,0.999724762868999,0.740936395757211
RxnNormMDs,6,0.999757187102851,0.731520449782125
RxnNormMDs,4,0.999698192080269,0.735287081131385
RxnNormMDs,1,0.999728075978182,0.724767492707841
RxnNormMDs,2,0.999717225461759,0.758818060711622
RxnNormMDs,5,0.999755612423815,0.725254947758813
RxnNormMDs,10,0.999713405209689,0.75462099635492
BaselineMM,5,0.351831796891999,0.121475187376997
BaselineMM,10,0.36823808711785,0.0759515785036928
BaselineMM,1,0.350510438851499,0.111289961959279
BaselineMM,7,0.354493829247927,0.135662843022093
BaselineMM,3,0.35267465983068,0.110996529817897
BaselineMM,2,0.362671779471107,0.0781179499064568
BaselineMM,4,0.358714781059301,0.0885240563486188
BaselineMM,9,0.362306856858285,0.106267192156475
BaselineMM,6,0.336504187078377,0.147212454096302
BaselineMM,8,0.360742353924718,0.106784229217731
EMDs,3,0.999809103175392,0.749315514534771
EMDs,10,0.999790890216195,0.787248016235678
EMDs,5,0.999810604079597,0.770920760282323
EMDs,6,0.999800420019337,0.771867698557594
EMDs,2,0.999787818776988,0.791547605258882
EMDs,1,0.999824700633082,0.743332080812812
EMDs,7,0.999811018585119,0.804032572335467
EMDs,9,0.99979468153027,0.771021463912126
EMDs,4,0.999793722224631,0.758691666791333
RxnNormMDs,9,0.99981111452514,0.75054920941438
EMDs,8,0.999808045396158,0.770712686565948
RxnNormMDs,5,0.999830745114542,0.752726208657143
RxnNormMDs,1,0.99983319488521,0.729666706592438
RxnNormMDs,2,0.99981377307608,0.779552208237027
RxnNormMDs,7,0.99982305103234,0.787230364495855
RxnNormMDs,10,0.999817901745144,0.771934517078343
RxnNormMDs,6,0.999805128543668,0.753498850103008
RxnNormMDs,3,0.999824580948177,0.728781888025855
RxnNormMDs,8,0.999817057129242,0.755755300117574
RxnNormMDs,4,0.999814519813071,0.74178513229367
BaselineMM,6,0.3354111383002,0.147829163655774
BaselineMM,3,0.352191410791679,0.114143771566331
BaselineMM,2,0.363623076672556,0.0756960994637853
BaselineMM,7,0.354056643149042,0.131446115677077
BaselineMM,10,0.36899615614619,0.0744804839320539
BaselineMM,1,0.350760900061639,0.106918760857546
BaselineMM,5,0.351572391924461,0.121461796098049
BaselineMM,4,0.358100734876987,0.0895873206865967
BaselineMM,9,0.360402670452276,0.112200771483262
BaselineMM,8,0.36160160374129,0.104850038282674
EMDs,2,0.999796035581964,0.794011136253202
EMDs,4,0.999787494393906,0.759190675674806
EMDs,7,0.999806667900069,0.79783244162818
EMDs,1,0.999803633083938,0.747655486364223
EMDs,6,0.999792534489436,0.775586868455157
EMDs,10,0.999806622488318,0.783277851628324
EMDs,8,0.999806634742112,0.773100423677922
EMDs,3,0.999803581097982,0.746288946142384
EMDs,5,0.999813716006817,0.773616763803515
EMDs,9,0.999784648764251,0.771245684381299
RxnNormMDs,2,0.999811193770219,0.779391930858187
RxnNormMDs,4,0.999813212824834,0.744438875640142
RxnNormMDs,10,0.999807770344408,0.771206885514723
RxnNormMDs,1,0.99983013760962,0.727165403836746
RxnNormMDs,7,0.999822860671153,0.790406810250265
RxnNormMDs,8,0.999819183651145,0.75854842190714
RxnNormMDs,9,0.999817710018744,0.758433751833916
RxnNormMDs,3,0.999818818911866,0.72562059862312
RxnNormMDs,6,0.999804598833878,0.754039251193933
RxnNormMDs,5,0.999823302939662,0.751328448649478
BaselineMM,8,0.362325500826819,0.102366239082625
BaselineMM,6,0.335389630266009,0.148742588011211
BaselineMM,1,0.349464348984631,0.109757787643845
BaselineMM,3,0.352480628718441,0.115715341704042
BaselineMM,7,0.353923361282256,0.133255956032852
BaselineMM,10,0.368011082860239,0.0754056953169351
BaselineMM,2,0.363723860406205,0.0761663193865592
BaselineMM,4,0.358579397755565,0.0896683892659147
BaselineMM,5,0.350152670933763,0.1232600491639
BaselineMM,9,0.36181209951954,0.107406430514725
EMDs,6,0.999788579059655,0.774583951221945
EMDs,8,0.999801002920255,0.776641821158869
EMDs,10,0.999784389579422,0.782641788788361
EMDs,5,0.99981936515461,0.770062540646507
EMDs,2,0.999786474945922,0.789377920649442
EMDs,4,0.99977703175239,0.763853514268053
EMDs,9,0.999794802383768,0.768180204552154
EMDs,1,0.999812224198803,0.745053161866788
EMDs,3,0.999792530175897,0.742344269069996
EMDs,7,0.999821282364197,0.800326692423254
RxnNormMDs,2,0.999812077482726,0.779853116749003
RxnNormMDs,5,0.999830054353955,0.748312212601829
RxnNormMDs,4,0.999802873549583,0.746182408638234
RxnNormMDs,10,0.99981216178224,0.772061643485871
RxnNormMDs,9,0.999818344993083,0.763738624076691
RxnNormMDs,3,0.999827398100624,0.725399473511424
RxnNormMDs,1,0.99983770220541,0.725528886820298
RxnNormMDs,6,0.999808225930362,0.758774828692086
RxnNormMDs,7,0.999828103206338,0.792723176005472
RxnNormMDs,8,0.999813305086175,0.757847419963373
BaselineMM,3,0.352880325266574,0.103794751112155
BaselineMM,9,0.360740770008537,0.108193285937025
BaselineMM,1,0.34933518490753,0.106046729094131
BaselineMM,2,0.361514578708771,0.0766171767321056
EMDs,1,0.999752947221123,0.735637436395664
EMDs,2,0.999722185156194,0.788425794240015
EMDs,8,0.999734349737797,0.759491490186552
EMDs,7,0.999734470241531,0.783336319638601
RxnNormMDs,8,0.999728033867657,0.735700149874908
RxnNormMDs,2,0.999740678793073,0.749615891024035
BaselineMM,5,0.350525118533592,0.120055796598228
BaselineMM,7,0.352551107974682,0.129288851825233
BaselineMM,8,0.362234122371414,0.104063438946459
BaselineMM,4,0.357917501171586,0.0903860196255654
BaselineMM,6,0.333250144882476,0.146718800546392
BaselineMM,10,0.366966207646222,0.0754709778369102
EMDs,5,0.999723771840196,0.755181876245068
EMDs,4,0.999703131055328,0.737928101226363
EMDs,3,0.999735054550328,0.729769039210402
EMDs,6,0.999714135482985,0.75664145471576
EMDs,10,0.999695161610283,0.784989648750091
EMDs,9,0.999690552805354,0.754553022980229
RxnNormMDs,3,0.999738827045057,0.699770334805639
RxnNormMDs,7,0.99973164072097,0.768894106354254
RxnNormMDs,1,0.999759316984452,0.720514388434972
RxnNormMDs,9,0.999721617963658,0.743894881106481
RxnNormMDs,4,0.999729457170064,0.731510083357837
RxnNormMDs,6,0.999724951872683,0.744445995687282
RxnNormMDs,10,0.999728473957776,0.758209050475144
RxnNormMDs,5,0.999741272458725,0.727473802245811
BaselineMM,7,0.35229699552298,0.132837611192871
BaselineMM,3,0.352193200766775,0.108332475490219
BaselineMM,9,0.361737430549296,0.103988118047467
BaselineMM,6,0.333326679682063,0.149968180581747
BaselineMM,5,0.348654378476065,0.12827490554691
BaselineMM,10,0.366851157901382,0.071673436356503
BaselineMM,2,0.360099536719774,0.0802332751879251
BaselineMM,8,0.360072017773653,0.105741039305524
BaselineMM,4,0.357458014533225,0.0862661951815807
BaselineMM,1,0.348092300144097,0.111207399344923
EMDs,9,0.999673778373689,0.750720620059885
EMDs,4,0.999701819804686,0.757627757571699
EMDs,10,0.999705102415601,0.772602480079621
EMDs,8,0.99973405516807,0.756306765512977
RxnNormMDs,3,0.999769021679411,0.702199699832533
EMDs,6,0.99968494799004,0.752745295687119
EMDs,1,0.999736609340885,0.732735743804182
EMDs,7,0.999723473327431,0.790083304369611
EMDs,5,0.999705721958247,0.750957285288047
EMDs,3,0.999699012079198,0.735363185161044
EMDs,2,0.999717533178762,0.774741542784117
RxnNormMDs,10,0.999683293609128,0.751474294953139
RxnNormMDs,9,0.999753245085496,0.739601053372501
RxnNormMDs,8,0.999733497495968,0.747420036772127
RxnNormMDs,7,0.999751644223999,0.771988623047411
RxnNormMDs,1,0.999755764049707,0.715222113991805
RxnNormMDs,5,0.999750672183856,0.731031478199853
RxnNormMDs,6,0.999760758144921,0.731245758312177
RxnNormMDs,4,0.999721234535888,0.74058020957301
RxnNormMDs,2,0.999741192783178,0.762378660741363
BaselineMM,9,0.360845814371171,0.108920983465007
BaselineMM,1,0.349622648506573,0.112909157638385
BaselineMM,3,0.351827065987277,0.113169580996089
BaselineMM,10,0.368360770950924,0.0764447334000171
BaselineMM,5,0.351190419838996,0.12805081390145
BaselineMM,4,0.359281285965474,0.0898306726671327
BaselineMM,8,0.361404976585309,0.10701853793611
BaselineMM,7,0.354360879715648,0.133263660540005
BaselineMM,2,0.363197078639313,0.0763357002438817
BaselineMM,6,0.335755619319122,0.147510580464957
EMDs,2,0.999794311176463,0.791769593081372
EMDs,5,0.999818424767992,0.772964196143056
RxnNormMDs,7,0.999816837579921,0.78670534434806
EMDs,4,0.999789690598238,0.762603851660787
EMDs,9,0.999793210106838,0.772409066645686
EMDs,8,0.999784731220015,0.770256817494865
EMDs,6,0.999785439170398,0.771131314131335
EMDs,10,0.999793450526796,0.788482736555247
EMDs,7,0.999819895618131,0.800199006762867
EMDs,1,0.99981138748488,0.740494672903597
EMDs,3,0.999805431911282,0.747105937392911
RxnNormMDs,2,0.999808885616268,0.781940340951802
RxnNormMDs,9,0.999817632238969,0.758444631780278
RxnNormMDs,10,0.999819733064892,0.771078265925908
RxnNormMDs,8,0.999822245960889,0.756277047257485
RxnNormMDs,6,0.9998092838299,0.753400902629504
RxnNormMDs,4,0.999821767524962,0.749786952885802
RxnNormMDs,1,0.99982971471817,0.72646817566771
RxnNormMDs,5,0.999829068151171,0.75309156559949
RxnNormMDs,3,0.999828817951858,0.73201543463618
BaselineMM,7,0.353831234024286,0.130985943836317
BaselineMM,8,0.362620185929863,0.100218628232116
BaselineMM,1,0.346299481401795,0.116159329042369
BaselineMM,6,0.336858873430052,0.142845373131297
BaselineMM,4,0.358374915019513,0.0841152523320341
BaselineMM,9,0.359869892500254,0.108525430258669
BaselineMM,3,0.34987021149419,0.117440307654683
BaselineMM,2,0.362700966526513,0.0779760648773441
BaselineMM,10,0.368017582617048,0.0751617038410072
BaselineMM,5,0.349678592062785,0.124631865630091
EMDs,6,0.999717404849309,0.758353329712247
EMDs,1,0.99973951214277,0.734468571907844
EMDs,10,0.999736401962429,0.77490635489588
EMDs,3,0.999724639597018,0.733857806135611
EMDs,2,0.99972868093848,0.773301866593941
EMDs,8,0.999728006077259,0.756097978507852
EMDs,9,0.999728556805329,0.757943524565042
EMDs,4,0.999692201693841,0.762204531811522
EMDs,7,0.999694015619621,0.791532413005028
EMDs,5,0.999698905744425,0.762608182621274
RxnNormMDs,10,0.999720294870822,0.769769420204864
RxnNormMDs,1,0.999777218748764,0.716527729691377
RxnNormMDs,9,0.999725783434119,0.743625460051035
RxnNormMDs,4,0.999713044555894,0.712995583995566
RxnNormMDs,6,0.999747508634857,0.734623229598679
RxnNormMDs,7,0.999737591719198,0.766277378815439
RxnNormMDs,5,0.999735730148898,0.729857188561313
RxnNormMDs,8,0.999715775860773,0.741285897241758
RxnNormMDs,3,0.999769452071621,0.722650543424369
RxnNormMDs,2,0.99970597457465,0.754769991801818
BaselineMM,1,0.349579123671418,0.102353571180623
BaselineMM,7,0.352344098837324,0.133712716516474
BaselineMM,9,0.361593387930745,0.10633195317614
BaselineMM,10,0.366527368270891,0.0840194096460316
BaselineMM,8,0.360289872909577,0.100977185827088
BaselineMM,3,0.35135392654429,0.112508749613406
BaselineMM,2,0.361399315071088,0.0750676572983075
BaselineMM,6,0.336037094936474,0.152822236649548
BaselineMM,4,0.357822735712168,0.0859734168346386
BaselineMM,5,0.352065001617237,0.120210300480625
EMDs,8,0.999671046649332,0.761733400927999
EMDs,9,0.999712967421262,0.762138125337854
EMDs,7,0.999721672768004,0.784448105621996
EMDs,10,0.999693818060703,0.764129852796832
EMDs,4,0.999725816262236,0.748260731469335
EMDs,2,0.999719992813392,0.782448049504729
EMDs,3,0.999721538364349,0.725336951185269
EMDs,6,0.999705841680022,0.762377650801694
EMDs,1,0.999719546026139,0.724650013647935
EMDs,5,0.99971344329195,0.752547901451689
RxnNormMDs,9,0.999702607033072,0.752920700552625
RxnNormMDs,8,0.999721859117161,0.736848516822251
RxnNormMDs,7,0.999731470276994,0.770046840809024
RxnNormMDs,10,0.999742724174385,0.761921321704797
RxnNormMDs,6,0.999723591348056,0.732304131769777
RxnNormMDs,1,0.999744750780352,0.706671645721414
RxnNormMDs,3,0.999721807292027,0.720295507871557
RxnNormMDs,5,0.999707126862547,0.735856939246037
RxnNormMDs,2,0.999738063824827,0.759209908666541
RxnNormMDs,4,0.999725680527543,0.726608177492956
BaselineMM,9,0.36044728498204,0.109739628134215
BaselineMM,5,0.351513451066413,0.122807584790931
BaselineMM,10,0.368271057900333,0.0754296899460958
BaselineMM,7,0.355069824365253,0.133336663108805
BaselineMM,3,0.352129490023624,0.110478568047544
BaselineMM,4,0.358883891633202,0.0896043202055846
BaselineMM,6,0.33572513659055,0.147678275859626
BaselineMM,2,0.364112147489112,0.0764871544516737
BaselineMM,1,0.349239557437058,0.109444346457431
BaselineMM,8,0.361891949551372,0.102499923015116
EMDs,6,0.999797779782095,0.768342635258049
EMDs,5,0.999812867411809,0.768114751684118
EMDs,8,0.999797037018588,0.769297958084595
EMDs,2,0.999781819827772,0.79675559541967
EMDs,1,0.999814211872495,0.743903359120283
EMDs,10,0.999792548979229,0.783391002850224
EMDs,9,0.999805653563112,0.768873587537319
EMDs,3,0.999808241020514,0.74265365035826
EMDs,7,0.999799680931374,0.799180348503061
EMDs,4,0.999787723922143,0.759925729513275
RxnNormMDs,6,0.999807080420117,0.757407640957501
RxnNormMDs,7,0.999831929490977,0.78666705313138
RxnNormMDs,8,0.999813832731601,0.757595466153356
RxnNormMDs,2,0.999808794028174,0.779124211622613
RxnNormMDs,10,0.999815600858062,0.772570870802296
RxnNormMDs,3,0.999816026474326,0.729142589601848
RxnNormMDs,4,0.999822221681821,0.744215480814015
RxnNormMDs,9,0.999801934529841,0.753183533062916
RxnNormMDs,5,0.999830756976359,0.747616193879605
RxnNormMDs,1,0.999831591892571,0.733104035301801
BaselineMM,2,0.363078060697008,0.075489610388244
BaselineMM,6,0.336238093317393,0.147741161021627
BaselineMM,9,0.362322501121158,0.107096921924776
BaselineMM,1,0.350152444298555,0.110110858195976
BaselineMM,3,0.352047054146003,0.109404291443378
BaselineMM,8,0.361392413152499,0.103194382703529
BaselineMM,10,0.369825614228738,0.0739663962052376
BaselineMM,7,0.355346199828474,0.130093212926361
BaselineMM,4,0.358116089060668,0.0902529286275124
BaselineMM,5,0.352044712207534,0.123881832862168
EMDs,2,0.999790118773727,0.799437610428436
EMDs,4,0.999786804027276,0.758956118419133
EMDs,8,0.999789583712599,0.772269131899754
EMDs,6,0.999786098548264,0.772536338590405
EMDs,3,0.999816779014589,0.746904927892386
EMDs,7,0.999804644489284,0.799143573598983
EMDs,5,0.999816105259538,0.772306859557521
EMDs,1,0.99982425898368,0.74740087690432
EMDs,9,0.999785119842257,0.775394222763864
EMDs,10,0.999791115625944,0.784003716171155
RxnNormMDs,5,0.999822255035038,0.749670453433979
RxnNormMDs,10,0.999806825852758,0.775628886869135
RxnNormMDs,1,0.999830666261419,0.729292126734862
RxnNormMDs,8,0.999822370508301,0.754912154791132
RxnNormMDs,3,0.999827175683068,0.72681091283762
RxnNormMDs,2,0.999809982023508,0.773224498684134
RxnNormMDs,4,0.999807468177561,0.742573035254555
RxnNormMDs,9,0.999825333324437,0.758699518746321
RxnNormMDs,7,0.999819542159532,0.780939370608218
RxnNormMDs,6,0.999811677120969,0.756896285339226
BaselineMM,10,0.368331776090644,0.0734564035477271
BaselineMM,9,0.361919559590544,0.104428401919019
BaselineMM,8,0.359738621789069,0.105194243818977
EMDs,1,0.999744023940284,0.735567964712147
EMDs,9,0.999711656655283,0.768334258325993
EMDs,7,0.999724991732165,0.784025240506857
EMDs,8,0.99971789436242,0.759760379911501
RxnNormMDs,9,0.999723967559891,0.736314749388164
RxnNormMDs,8,0.999708485419015,0.73858070829636
BaselineMM,5,0.351199702707999,0.121907236938514
BaselineMM,2,0.36199026184605,0.0790409111075401
BaselineMM,3,0.350680809896297,0.118515248503653
BaselineMM,1,0.346576967274004,0.121186027890898
BaselineMM,4,0.357227237525211,0.086482580168368
BaselineMM,7,0.352699011862834,0.13134217469107
BaselineMM,6,0.335393416682428,0.143626298191792
RxnNormMDs,4,0.999696411377214,0.727205479791303
RxnNormMDs,3,0.99974062466146,0.703134726173457
RxnNormMDs,2,0.999735572223041,0.762954752705111
EMDs,6,0.99967359617706,0.756081340615671
EMDs,5,0.999720535250791,0.758867312688987
EMDs,4,0.999715149006492,0.759362063849087
EMDs,10,0.999698810159149,0.772270210426661
EMDs,2,0.999713875857222,0.785567219000645
EMDs,3,0.999736758800572,0.719992647646542
RxnNormMDs,5,0.999752988377164,0.735857501649107
RxnNormMDs,10,0.999719024666335,0.75511058435078
RxnNormMDs,1,0.999746378456805,0.715056011127666
RxnNormMDs,6,0.999734391832006,0.748466845604039
RxnNormMDs,7,0.99972646689556,0.765270726001099
BaselineMM,5,0.349659820665953,0.12362215233423
BaselineMM,9,0.359244395911609,0.109299200211733
BaselineMM,8,0.360887313135985,0.105000963441381
BaselineMM,4,0.356290751202634,0.0913099099486603
BaselineMM,6,0.336080900369365,0.145681396230973
BaselineMM,3,0.350489492610525,0.108760474823279
BaselineMM,7,0.350693628526955,0.133212952813189
BaselineMM,10,0.367831179380416,0.0751698314056114
BaselineMM,2,0.361066215777528,0.0782227296913862
BaselineMM,1,0.347822683513207,0.116935664155792
EMDs,8,0.999714381963826,0.759938655901703
EMDs,7,0.999709625674364,0.788644198299097
EMDs,5,0.999739739377078,0.754356105466754
EMDs,1,0.999721663600535,0.734168951459569
EMDs,4,0.999739835104611,0.750755046989909
RxnNormMDs,9,0.999738298176667,0.744150047108059
RxnNormMDs,6,0.99971537274233,0.735720725242058
EMDs,3,0.999730095973895,0.721908544940156
EMDs,6,0.999695318350873,0.757884634488331
EMDs,9,0.999739526555619,0.769141724412181
EMDs,2,0.999723951750239,0.765844636292257
EMDs,10,0.999703699506688,0.776533801366645
RxnNormMDs,2,0.999698660491891,0.767111012884975
RxnNormMDs,4,0.999732713592606,0.731781440092583
RxnNormMDs,3,0.9997419425335,0.708338886308562
RxnNormMDs,1,0.999740213028398,0.718199984976977
RxnNormMDs,8,0.999721485762039,0.746700369852647
RxnNormMDs,7,0.999697904163434,0.775723274462487
RxnNormMDs,5,0.999737069530531,0.747874782694477
RxnNormMDs,10,0.999729158927811,0.757464686728022
BaselineMM,2,0.362586572383778,0.0805075794060276
BaselineMM,10,0.369223992228109,0.0730045735045125
BaselineMM,4,0.358262464881774,0.0903566364112545
BaselineMM,9,0.361420149451437,0.111466842306897
BaselineMM,6,0.336375440485563,0.14729677482884
BaselineMM,7,0.354161746219692,0.130992304002876
BaselineMM,1,0.34928164040561,0.112006942758711
BaselineMM,3,0.351286969067097,0.114688152463164
BaselineMM,8,0.361954029440066,0.104489681958523
BaselineMM,5,0.350068770352168,0.12617368093544
EMDs,1,0.999821058665765,0.745082318185099
EMDs,10,0.999789804536732,0.785126717796765
EMDs,5,0.99981455005648,0.767220954841573
EMDs,3,0.999815552454788,0.739859281933102
EMDs,9,0.999796478453814,0.768452698559757
EMDs,6,0.99979646298517,0.76940871549722
EMDs,2,0.999786394685268,0.794742914283004
EMDs,7,0.999807297841184,0.799342761261272
EMDs,8,0.999795243515003,0.766550254227339
RxnNormMDs,6,0.99980534621389,0.759366133737482
EMDs,4,0.99980084071866,0.762052742218044
RxnNormMDs,5,0.999824620208501,0.747202087527396
RxnNormMDs,8,0.999815191122067,0.760832622110731
RxnNormMDs,2,0.999810214075744,0.781308351938074
RxnNormMDs,7,0.999810973010408,0.788502334099534
RxnNormMDs,1,0.999833297123407,0.730783276126184
RxnNormMDs,10,0.999821266756945,0.77216584820667
RxnNormMDs,9,0.999813425356833,0.757313941691235
RxnNormMDs,3,0.999820081886833,0.723080051964499
RxnNormMDs,4,0.999803672066732,0.743746232231534
BaselineMM,1,0.350574596490977,0.108143921494097
BaselineMM,2,0.363060960488426,0.0776516654279739
BaselineMM,5,0.351891473955475,0.124879172876507
BaselineMM,3,0.352942989286859,0.112354840155551
BaselineMM,10,0.369395981516944,0.0745344558439657
BaselineMM,9,0.361819334237741,0.111121475582289
BaselineMM,7,0.354894902563477,0.131685123726213
BaselineMM,8,0.360757944901146,0.106700020720513
BaselineMM,6,0.336072573793129,0.14841476159822
BaselineMM,4,0.359126318751739,0.0879209585796712
EMDs,8,0.99979057681384,0.772953076521917
EMDs,4,0.999798583039787,0.758645914341073
EMDs,6,0.99978275894334,0.768088502283685
EMDs,3,0.999805627558483,0.744557099455767
EMDs,2,0.999792215542843,0.796297581900823
EMDs,9,0.999796374892736,0.773454936662628
EMDs,1,0.999804127089964,0.741815371109155
EMDs,10,0.999805455412722,0.784222724521773
EMDs,7,0.999810162488954,0.797710430713624
EMDs,5,0.999809485599326,0.76700510331987
RxnNormMDs,7,0.999826485612079,0.781146026014956
RxnNormMDs,10,0.999815331130116,0.77123846851344
RxnNormMDs,2,0.999816610848651,0.782569903077325
RxnNormMDs,4,0.999800259159014,0.745961648957621
RxnNormMDs,1,0.999825764466114,0.726470869078811
RxnNormMDs,5,0.999818711674552,0.749181420413118
RxnNormMDs,3,0.999827726310433,0.732055744031289
RxnNormMDs,8,0.999819076372724,0.754184927520795
RxnNormMDs,6,0.999808710336104,0.752624414390564
RxnNormMDs,9,0.999817182435176,0.758053737444774
BaselineMM,6,0.336385832508321,0.147191772909671
BaselineMM,5,0.350351537503352,0.12542293657315
BaselineMM,8,0.361885226852352,0.104399028471935
EMDs,2,0.999786287232552,0.799807276934774
BaselineMM,7,0.354659091899014,0.130554356144936
EMDs,8,0.999788310994542,0.773092376481515
BaselineMM,9,0.361591080922995,0.109298198637554
BaselineMM,4,0.359000307192327,0.0879582954112725
BaselineMM,10,0.368810588898857,0.0742823768006888
BaselineMM,1,0.350381806178482,0.110846592932799
BaselineMM,2,0.362337530750846,0.0771985420254708
BaselineMM,3,0.353309280337972,0.111774344731129
RxnNormMDs,6,0.999814114882054,0.757614980874913
RxnNormMDs,8,0.999813643426552,0.756361469328133
RxnNormMDs,1,0.999836704871383,0.72491553090147
EMDs,7,0.99979718021521,0.801366022312216
EMDs,6,0.999781907491436,0.770355355171251
EMDs,10,0.999812725108726,0.784215640695482
EMDs,1,0.999821217089006,0.746418127319363
EMDs,3,0.999809792042876,0.741759434360575
EMDs,5,0.999807797144768,0.772926970384595
EMDs,9,0.999799960873622,0.768739407273946
EMDs,4,0.999795634786777,0.762801866279518
RxnNormMDs,9,0.999810169731741,0.757014240591207
RxnNormMDs,7,0.999827475128046,0.792564666018291
RxnNormMDs,10,0.999816389966983,0.772421653467374
RxnNormMDs,2,0.999809663331834,0.776349629153675
RxnNormMDs,5,0.999819054700625,0.754481275939492
RxnNormMDs,3,0.999822954723469,0.731113290069932
RxnNormMDs,4,0.99980375072088,0.745670865891235
BaselineMM,2,0.361141020050195,0.0759498408154267
BaselineMM,3,0.353155806857211,0.109685343471458
BaselineMM,5,0.349496660011915,0.124728010178601
BaselineMM,1,0.346898295483243,0.113029707215244
BaselineMM,7,0.354441291156369,0.1302987340775
BaselineMM,10,0.367651374027055,0.0795667961231448
BaselineMM,4,0.358283812743733,0.0894649002785555
BaselineMM,6,0.336802546579996,0.140803873613448
BaselineMM,9,0.36072360364275,0.107133636776261
BaselineMM,8,0.35917087711293,0.103933405910759
EMDs,6,0.999718305602507,0.766527014037137
EMDs,4,0.999691427812196,0.752971072972279
EMDs,10,0.99967035590681,0.775374484624416
EMDs,2,0.999706546444371,0.779441588042914
EMDs,5,0.999733176430287,0.754497522651843
EMDs,3,0.999728662664617,0.742980863158749
RxnNormMDs,9,0.999727527216976,0.750061990375895
RxnNormMDs,10,0.999722350617317,0.750779677988532
EMDs,7,0.999736912002764,0.785873357580251
EMDs,1,0.999721044633823,0.728670136330431
EMDs,9,0.999735552402483,0.751820537916103
EMDs,8,0.9996978821918,0.753363818710661
RxnNormMDs,5,0.999757471193909,0.743308241161381
RxnNormMDs,6,0.999712291593886,0.738916720270156
RxnNormMDs,2,0.99973335988805,0.767566373579302
RxnNormMDs,7,0.999732199602576,0.775974034264682
RxnNormMDs,8,0.999710434612214,0.734000307890362
RxnNormMDs,1,0.999746080526096,0.703876326947308
RxnNormMDs,4,0.999737931253364,0.736064844279218
RxnNormMDs,3,0.99974983817481,0.711279010223788
BaselineMM,1,0.34807798568686,0.109583023665095
BaselineMM,9,0.358139800275186,0.112135648395011
BaselineMM,2,0.361047964220917,0.0770089826815156
BaselineMM,10,0.368905160645884,0.0734866063225706
BaselineMM,3,0.350424857661558,0.114604258722253
BaselineMM,7,0.354047679706915,0.129118419861945
BaselineMM,8,0.361985084925879,0.100561875300507
BaselineMM,5,0.350300870403282,0.130310071657146
BaselineMM,4,0.358042782063049,0.0943174981386323
BaselineMM,6,0.332734999003717,0.14520295286085
EMDs,9,0.999743622855508,0.756584904500598
EMDs,10,0.999713158707296,0.775759856458749
EMDs,8,0.999723312986654,0.750618788331132
EMDs,1,0.999728437482938,0.740992989785284
EMDs,4,0.99970169859427,0.740034288054135
EMDs,3,0.999745840936576,0.726939027323013
EMDs,5,0.999715563529297,0.764365618205048
EMDs,7,0.999703380298694,0.784832614540763
EMDs,6,0.999734545822623,0.753481768399719
EMDs,2,0.999703663049991,0.777837045230453
RxnNormMDs,2,0.99969252485721,0.761991531495827
RxnNormMDs,3,0.99974038744702,0.715232182793077
RxnNormMDs,10,0.999738715222782,0.749929279138054
RxnNormMDs,6,0.999743268646789,0.745837750842269
RxnNormMDs,5,0.999748870636386,0.734321158218885
RxnNormMDs,9,0.999742530518325,0.737169919217225
RxnNormMDs,1,0.999730603518157,0.71936854144394
RxnNormMDs,4,0.999709721153214,0.72004596993416
RxnNormMDs,7,0.999712723364229,0.766464185539476
RxnNormMDs,8,0.999705220219483,0.739929732090908
BaselineMM,8,0.36167160302303,0.100625289175455
BaselineMM,6,0.335689532705929,0.144974014761376
BaselineMM,10,0.36822519801905,0.0749367744959674
BaselineMM,3,0.3511145500882,0.114200870610408
BaselineMM,9,0.360138087828779,0.108743111205882
BaselineMM,5,0.34824458903924,0.124045869506074
BaselineMM,4,0.357576977709429,0.089027998295376
BaselineMM,7,0.351318165074911,0.134372775404265
BaselineMM,2,0.361800935949686,0.0824492271345248
BaselineMM,1,0.349351421031573,0.108870836146062
EMDs,1,0.99975238683153,0.732266422616205
EMDs,7,0.999728236857946,0.789396188669379
EMDs,8,0.99971266091439,0.747493036511682
EMDs,2,0.999679197397043,0.776821401403794
EMDs,4,0.999723195702091,0.748202250542211
EMDs,9,0.999712515771308,0.75163707869618
EMDs,5,0.999738234964113,0.753152958424334
EMDs,10,0.999679346628369,0.761479473110148
EMDs,6,0.999662708999964,0.75868478191719
EMDs,3,0.999738575142593,0.732171763405728
RxnNormMDs,8,0.999760442033997,0.749246570861604
RxnNormMDs,5,0.999719229496759,0.740794440851707
RxnNormMDs,9,0.999714301796862,0.740796558978099
RxnNormMDs,4,0.999731055985057,0.723611723545326
RxnNormMDs,10,0.999718233135417,0.760638045992274
RxnNormMDs,2,0.999744551628435,0.773314763234813
RxnNormMDs,7,0.999723277695637,0.779921748747728
RxnNormMDs,6,0.999742386439888,0.735376139875791
RxnNormMDs,3,0.999723464677072,0.712660864732491
RxnNormMDs,1,0.999763101758435,0.7192269473616
BaselineMM,2,0.362742647312114,0.0774890273350879
EMDs,1,0.999739258250086,0.732843715568849
EMDs,8,0.999704400020181,0.752578919612213
EMDs,2,0.999689753790973,0.774894978792248
EMDs,7,0.999689759243164,0.77919129942249
RxnNormMDs,1,0.999726132413827,0.708874726958319
RxnNormMDs,9,0.999727206957513,0.729203207987694
RxnNormMDs,8,0.99972784862792,0.740054130561004
BaselineMM,3,0.352269860341974,0.107217177548767
BaselineMM,4,0.358040550479415,0.0867142690265406
BaselineMM,1,0.348547884644764,0.105379360579702
BaselineMM,9,0.359284489324667,0.112742589289923
BaselineMM,6,0.334379791830242,0.146542290156183
BaselineMM,5,0.352477607153295,0.123145229168744
BaselineMM,7,0.353791127024502,0.132111481379393
BaselineMM,8,0.358342955807257,0.108508518936786
BaselineMM,10,0.366841798645431,0.0753401922262031
RxnNormMDs,5,0.999737196520444,0.727666675360143
EMDs,5,0.999727868765477,0.75350725851324
EMDs,9,0.99975314898289,0.75371907062969
EMDs,3,0.999732769259601,0.73888241261642
EMDs,6,0.999740970888901,0.756753428757717
EMDs,10,0.999685915848819,0.771451031190078
EMDs,4,0.999728699776723,0.737777312289342
RxnNormMDs,6,0.999727492057079,0.739239454260039
RxnNormMDs,2,0.999737226445207,0.761873700048528
RxnNormMDs,4,0.999732276727667,0.73131727483458
RxnNormMDs,7,0.999738406842834,0.765054235872749
RxnNormMDs,3,0.999745960023069,0.709976449185283
RxnNormMDs,10,0.999732082835384,0.763505211855811
BaselineMM,1,0.347369001605258,0.11407280811662
EMDs,1,0.99973021874214,0.729096674792656
EMDs,8,0.999731255402586,0.747029163804025
EMDs,6,0.999710376636028,0.763101352194214
RxnNormMDs,1,0.999733413597734,0.718461557342726
RxnNormMDs,8,0.999747701059433,0.736026848113128
RxnNormMDs,9,0.999728512159603,0.747959840626337
BaselineMM,10,0.367973324754376,0.0774503591955075
BaselineMM,2,0.360905873875297,0.0781947282801051
BaselineMM,5,0.350015216266035,0.120966743894
BaselineMM,9,0.359998783192939,0.110243294539761
BaselineMM,8,0.360840224459994,0.102511291269271
BaselineMM,7,0.353522450444245,0.133199016178377
BaselineMM,3,0.349931049823609,0.111799857489502
BaselineMM,4,0.3574129183522,0.088657644526897
BaselineMM,6,0.333520677278703,0.151613305616079
RxnNormMDs,7,0.999732661485847,0.772676761278866
EMDs,4,0.999708140064745,0.745190845225022
EMDs,7,0.999729650759039,0.78613801396115
EMDs,2,0.999717972209816,0.781999507387004
EMDs,5,0.999734513909787,0.765718428582982
EMDs,9,0.999696396347096,0.756762196975817
EMDs,3,0.999753861105504,0.743452342888166
EMDs,10,0.999730667260491,0.774387229439512
RxnNormMDs,2,0.999736611069007,0.750555868206017
RxnNormMDs,3,0.999733163149985,0.721470414986236
RxnNormMDs,4,0.999724207718009,0.725750627496483
RxnNormMDs,5,0.999739150738899,0.729985504899552
RxnNormMDs,10,0.999732695032684,0.751088611727414
RxnNormMDs,6,0.999720694860003,0.73344545798669
BaselineMM,3,0.3524502995198,0.107828037978901
BaselineMM,4,0.35623354868197,0.0947226534355815
BaselineMM,6,0.332961222970118,0.149089144350238
BaselineMM,1,0.349172087047879,0.103904629248541
BaselineMM,5,0.34947694345705,0.126708895922124
BaselineMM,2,0.363334390927969,0.0749130123550049
BaselineMM,9,0.361238437749848,0.102361955661246
BaselineMM,7,0.354751448282274,0.130130906636326
BaselineMM,8,0.359983523783742,0.108992226725662
BaselineMM,10,0.365822653328254,0.0805533784976975
EMDs,4,0.999684792323975,0.752043098401232
EMDs,5,0.999692994213197,0.747153065010002
EMDs,10,0.999701701091757,0.78074888468604
EMDs,9,0.999718456305539,0.772689361187145
EMDs,2,0.999721095371933,0.779441445165129
EMDs,3,0.999740999204704,0.734122581855589
EMDs,1,0.999743262655378,0.730648323906636
EMDs,8,0.999727505480831,0.760063667910123
EMDs,6,0.99970984810212,0.755527719854464
EMDs,7,0.999707473871855,0.787674972846314
RxnNormMDs,3,0.999752831622242,0.720421792969679
RxnNormMDs,7,0.999734483406416,0.768377830212643
RxnNormMDs,2,0.999734303268756,0.755870612202707
RxnNormMDs,9,0.999712028093211,0.737037762536588
RxnNormMDs,4,0.999717295090704,0.731683883168341
RxnNormMDs,10,0.999753603713838,0.752193410945653
RxnNormMDs,1,0.999738021178457,0.718753559906299
RxnNormMDs,8,0.999712767350914,0.735004942024736
RxnNormMDs,5,0.999712973398329,0.74057480013819
RxnNormMDs,6,0.999697721205561,0.736935641256903
BaselineMM,4,0.357963283359955,0.0875247339358841
EMDs,8,0.999704334861593,0.755273853405825
RxnNormMDs,2,0.999723213554331,0.763189774767548
EMDs,4,0.99966139447311,0.749123141269506
BaselineMM,10,0.36645503053081,0.0765989462503315
RxnNormMDs,10,0.999751387173333,0.749154596555269
BaselineMM,7,0.354305975621394,0.132021502865552
BaselineMM,6,0.334600861320794,0.148936363970762
BaselineMM,1,0.348903535464422,0.109468254061646
BaselineMM,8,0.360545390276635,0.106987615068797
BaselineMM,5,0.351095710564525,0.12377101347344
BaselineMM,9,0.359798527057391,0.112744050720099
BaselineMM,3,0.350508260254367,0.118405952078275
BaselineMM,2,0.36481482099423,0.07048114004378
EMDs,2,0.999705794634116,0.784671729341179
EMDs,9,0.999708391976523,0.766928101987569
EMDs,10,0.999707701180686,0.777115280704258
EMDs,7,0.999731355652816,0.783716866192893
RxnNormMDs,7,0.999743866724626,0.772408146467192
EMDs,5,0.99973521966185,0.755807715011723
EMDs,6,0.999706672837831,0.759789929609912
EMDs,3,0.999723149112903,0.727380753151812
EMDs,1,0.999710209514854,0.72972752532364
RxnNormMDs,3,0.999739579987988,0.702590234293231
RxnNormMDs,6,0.99976051499203,0.730345786086039
RxnNormMDs,8,0.999734703249318,0.744195756083532
RxnNormMDs,9,0.999728933579406,0.740261449397832
RxnNormMDs,4,0.999738660457057,0.728378425387765
RxnNormMDs,1,0.999733007292052,0.714665106330628
RxnNormMDs,5,0.999745851523583,0.734007799144641
BaselineMM,4,0.357214188082695,0.0874316771558633
BaselineMM,8,0.358326311498324,0.10567978161182
BaselineMM,10,0.367855243029522,0.0741705939419859
BaselineMM,7,0.354484089149781,0.136991136086559
BaselineMM,5,0.347839807421568,0.128422141003751
BaselineMM,2,0.36073327184374,0.0815668233338853
BaselineMM,1,0.347334824243709,0.109793760781277
BaselineMM,6,0.334809205137143,0.15170176646534
BaselineMM,9,0.361031984174161,0.113189727332236
BaselineMM,3,0.35084962903324,0.117228755140817
EMDs,2,0.999659189359639,0.77820562294001
EMDs,3,0.999750613440697,0.726233804482721
EMDs,8,0.999708044869684,0.761763144992697
EMDs,6,0.999701004385869,0.758202500835204
EMDs,9,0.999686778922911,0.750620802102222
EMDs,7,0.999732295084712,0.783372206897208
EMDs,10,0.999715237602044,0.767765124264392
EMDs,4,0.999725119553598,0.738756266662948
EMDs,5,0.999746052255419,0.751204325999295
EMDs,1,0.999726965803645,0.738315101777474
RxnNormMDs,3,0.999741756252118,0.723669554187345
RxnNormMDs,9,0.999716240873035,0.744416763815894
RxnNormMDs,7,0.999736228007632,0.772208800569126
RxnNormMDs,2,0.999720002815376,0.76063989151867
RxnNormMDs,1,0.999738470152908,0.7107037099727
RxnNormMDs,5,0.999743208496108,0.726155119230605
RxnNormMDs,4,0.999733475113403,0.730901729959772
RxnNormMDs,6,0.999737675538268,0.738508060001157
RxnNormMDs,10,0.999746725141587,0.756851052205437
RxnNormMDs,8,0.99973298341096,0.735921255625639
BaselineMM,3,0.351544537530268,0.11358230951179
BaselineMM,7,0.354425786188557,0.130253502923226
BaselineMM,4,0.358708135809775,0.0889152645343647
BaselineMM,8,0.36073478232061,0.106578166464664
BaselineMM,1,0.350420742946169,0.107299819759518
BaselineMM,6,0.335096750825634,0.148806513000254
BaselineMM,9,0.36023787696356,0.110637973978365
BaselineMM,5,0.350062789803591,0.12540945656572
BaselineMM,2,0.36436371737634,0.0757675039363895
BaselineMM,10,0.368000075134704,0.0765353133215605
EMDs,3,0.99981389577934,0.742268746181482
EMDs,5,0.99982504094112,0.771676556628764
EMDs,4,0.999791619654041,0.76215520650795
EMDs,8,0.999790953859869,0.769632957860593
EMDs,1,0.999810098972457,0.748728677934903
EMDs,9,0.999791462407114,0.77553394546005
EMDs,6,0.999765946668963,0.769579565037812
EMDs,7,0.999794717218097,0.801469872768162
EMDs,10,0.999793223118413,0.784087660318514
EMDs,2,0.999794475290379,0.793360345620197
RxnNormMDs,2,0.999817551087126,0.774228213360172
RxnNormMDs,6,0.999807180326865,0.760236687470231
RxnNormMDs,10,0.999826862482538,0.770746410627758
RxnNormMDs,7,0.999824869655256,0.787965379424519
RxnNormMDs,3,0.999823031142395,0.731510162018881
RxnNormMDs,9,0.999815059422837,0.758262210462667
RxnNormMDs,4,0.999803785106453,0.744983618952108
RxnNormMDs,5,0.999830599906156,0.757507794807501
RxnNormMDs,8,0.999799684643266,0.762040939342405
RxnNormMDs,1,0.999832929708565,0.727410534014845
BaselineMM,10,0.368733275603122,0.0755401039533669
BaselineMM,4,0.358852954911209,0.0891431313201656
BaselineMM,3,0.352035276140604,0.111405048881268
BaselineMM,7,0.35427526797698,0.129625569121091
BaselineMM,6,0.337043330924727,0.145241237615337
BaselineMM,2,0.363715809704525,0.0775408470338785
BaselineMM,1,0.349589663328312,0.109958476870793
BaselineMM,9,0.361305962604128,0.109484022418778
BaselineMM,8,0.361242266656475,0.104006405638579
BaselineMM,5,0.351040974243392,0.126269424087809
EMDs,7,0.999801060073598,0.79950496129169
EMDs,6,0.999789843565328,0.771598836215035
EMDs,10,0.99979821374841,0.787776224940438
EMDs,8,0.999801384814665,0.773211744651765
EMDs,1,0.999811949548471,0.741862273522761
EMDs,4,0.999786547079946,0.759373868215498
EMDs,2,0.999802816466919,0.79647431651355
EMDs,3,0.999817088813528,0.748646142624016
EMDs,9,0.999791054033559,0.774968651633592
EMDs,5,0.99981296166521,0.76851149059289
RxnNormMDs,7,0.999816945064127,0.785613223924083
RxnNormMDs,10,0.999815838359042,0.771276233495738
RxnNormMDs,3,0.999820758249905,0.732752420437679
RxnNormMDs,4,0.999809778313725,0.741531928512519
RxnNormMDs,1,0.999826249178186,0.734163400917221
RxnNormMDs,9,0.999815957851182,0.754126174130408
RxnNormMDs,8,0.9998099243625,0.756064397608665
RxnNormMDs,6,0.99980369686984,0.758447508712255
RxnNormMDs,5,0.999822295169108,0.746640842396942
RxnNormMDs,2,0.999811148719363,0.778536059966156
BaselineMM,2,0.36329403618734,0.0788094975333903
BaselineMM,5,0.351122246543547,0.121869002024422
BaselineMM,4,0.359134826572944,0.0888015004094003
BaselineMM,9,0.361550527566658,0.107980616138366
BaselineMM,6,0.336701427493988,0.14685582966315
BaselineMM,3,0.352124263769413,0.11109203052964
BaselineMM,7,0.354312798469593,0.130480119610513
BaselineMM,10,0.368634369232275,0.0754317786005528
BaselineMM,8,0.360299132217736,0.104842485774802
BaselineMM,1,0.349613898848989,0.110499622430683
EMDs,5,0.999805371772249,0.767637466021682
EMDs,8,0.999801824852084,0.770766195372354
EMDs,2,0.999799636897245,0.795465206387672
EMDs,7,0.999810144903491,0.799243982506803
EMDs,1,0.999804762910576,0.745895984235671
EMDs,4,0.999788300844831,0.756476911120697
EMDs,6,0.999785853076707,0.768122105320228
EMDs,10,0.99978553661206,0.782647808466765
EMDs,9,0.999798038685364,0.773380601678677
EMDs,3,0.999801663324757,0.741718552808648
RxnNormMDs,4,0.999817624747638,0.746487974484942
RxnNormMDs,9,0.999823102874701,0.757583733507623
RxnNormMDs,6,0.999810121007859,0.75577521326952
RxnNormMDs,2,0.999808812264669,0.782372780194009
RxnNormMDs,1,0.999831230027373,0.726724138448446
RxnNormMDs,7,0.999818606910984,0.791141997734816
RxnNormMDs,10,0.999819734173515,0.772469680020625
RxnNormMDs,3,0.999831436187127,0.726400132253285
RxnNormMDs,5,0.999829067885103,0.749390823849183
RxnNormMDs,8,0.999809651404575,0.759810525304732
BaselineMM,10,0.369046775209149,0.0771824526246511
BaselineMM,9,0.360272372331302,0.112204106032652
BaselineMM,2,0.363695648836409,0.0733190367337933
BaselineMM,3,0.351611298206984,0.1114057177385
BaselineMM,1,0.349109094472719,0.111356472811232
BaselineMM,5,0.351073521135884,0.124029919696159
BaselineMM,7,0.35473538958407,0.132438030169878
BaselineMM,8,0.360625029234223,0.102451837119297
BaselineMM,6,0.335950145416392,0.152035162936738
BaselineMM,4,0.359162006890295,0.0877410163113423
EMDs,3,0.999814643887215,0.747982787225046
EMDs,6,0.999799621714527,0.767857453059306
EMDs,4,0.999795230620298,0.7670440470687
EMDs,10,0.999783891213401,0.784829953243492
RxnNormMDs,10,0.999813275058089,0.77074902017454
EMDs,8,0.999801638199042,0.775653455268508
EMDs,9,0.999798729295664,0.769492439833238
EMDs,2,0.999797586109838,0.795475881597066
EMDs,1,0.99981420364544,0.741303038462075
EMDs,5,0.999804945117798,0.76397125041785
EMDs,7,0.999810066081983,0.794609117113794
RxnNormMDs,1,0.999832360462424,0.730469283890687
RxnNormMDs,7,0.999823508653834,0.785001162131442
RxnNormMDs,2,0.999798967348098,0.785270252370452
RxnNormMDs,3,0.99983202548871,0.719876726656875
RxnNormMDs,5,0.999833513552153,0.751300761374644
RxnNormMDs,6,0.999810843446131,0.752073133446997
RxnNormMDs,8,0.999821926317561,0.761231378517469
RxnNormMDs,9,0.999808975551061,0.760417452503399
RxnNormMDs,4,0.999810993637207,0.745492140795033
BaselineMM,4,0.359716163088787,0.084959640528241
BaselineMM,3,0.352531609365383,0.109034793394529
BaselineMM,7,0.3525603329398,0.133568885865905
BaselineMM,1,0.348408793366267,0.114199420472373
BaselineMM,5,0.350468348394996,0.121864267657159
BaselineMM,2,0.362086011270666,0.0797293837792663
BaselineMM,10,0.370900868474704,0.069472030896581
BaselineMM,6,0.334554100929631,0.150700692934357
BaselineMM,9,0.35780413580768,0.120406686581744
BaselineMM,8,0.358448811490683,0.111002287895684
EMDs,4,0.999704566108537,0.750990912440525
EMDs,2,0.999692287937692,0.776975648099078
EMDs,1,0.999720292360451,0.727664059445496
EMDs,3,0.99973699109698,0.736563406910257
EMDs,7,0.999709987762309,0.783056285047164
EMDs,5,0.999729910468467,0.749639006855437
EMDs,10,0.999691448261922,0.775177337227316
EMDs,6,0.999711444544426,0.756044542474067
EMDs,9,0.999704922112854,0.759526032150507
EMDs,8,0.999682901352397,0.752869600907387
RxnNormMDs,2,0.999717894680101,0.764527388152767
RxnNormMDs,3,0.999734178755849,0.704170048293068
RxnNormMDs,8,0.999727080211788,0.733654506008465
RxnNormMDs,10,0.999728513590022,0.75288381354773
RxnNormMDs,5,0.999731565494759,0.740324672458108
RxnNormMDs,9,0.999733104401543,0.735649647097804
RxnNormMDs,7,0.999731447883235,0.776745196171132
RxnNormMDs,6,0.999764577698409,0.741121935709575
RxnNormMDs,4,0.999715727577712,0.724520505934711
RxnNormMDs,1,0.999736500612547,0.712660577449521
BaselineMM,2,0.363530313913717,0.0756703986916746
BaselineMM,8,0.360910611751934,0.107680746920881
BaselineMM,9,0.358926874844969,0.109035101598233
EMDs,10,0.999722454909171,0.770400612542039
BaselineMM,1,0.351155373060873,0.106092260879377
BaselineMM,5,0.352362211481086,0.122039457786194
BaselineMM,4,0.357642132254285,0.0842540781470231
BaselineMM,3,0.352091987116994,0.110733391997091
BaselineMM,10,0.367405161945157,0.079957914093095
BaselineMM,7,0.353271605836029,0.127802976400529
BaselineMM,6,0.335228870706538,0.146315832760821
RxnNormMDs,10,0.999729621267911,0.741259860429124
EMDs,7,0.99973652007594,0.787950399447227
EMDs,8,0.999697080160396,0.759064748797164
EMDs,9,0.999742833755472,0.759077946152685
EMDs,6,0.999709247841371,0.761287833806851
EMDs,3,0.99971881758837,0.729868188915923
RxnNormMDs,9,0.999720251715789,0.742052743026145
EMDs,1,0.999723631617862,0.724077168507655
EMDs,4,0.999718448767087,0.756753666832441
EMDs,2,0.99966810256279,0.774820086249494
EMDs,5,0.999702122275552,0.753835675066385
RxnNormMDs,2,0.999725253778198,0.755666112754345
RxnNormMDs,1,0.999726999370935,0.707275730376295
RxnNormMDs,6,0.999730658057849,0.74028995560043
RxnNormMDs,3,0.999750363119843,0.705916657867925
RxnNormMDs,4,0.999726343340557,0.715260657001995
RxnNormMDs,7,0.999736763460738,0.769446124210195
RxnNormMDs,8,0.999749536777302,0.730960103943388
RxnNormMDs,5,0.999734678076934,0.732148813928692
BaselineMM,1,0.350277708626739,0.108651778195131
BaselineMM,7,0.353841231974982,0.132524113553473
BaselineMM,9,0.360037676817654,0.112046144288961
BaselineMM,6,0.336079607309316,0.149545323900329
BaselineMM,5,0.351659227336784,0.121481568261225
BaselineMM,8,0.361322713173063,0.104943361818263
BaselineMM,4,0.358982472334805,0.0889574878507202
BaselineMM,10,0.368098326912794,0.074860354236217
BaselineMM,3,0.35251332098901,0.110119935290242
BaselineMM,2,0.362579058576502,0.0789281384013166
EMDs,10,0.999783126159723,0.786397775608202
EMDs,9,0.999783950395119,0.771310340781067
EMDs,4,0.999792006552252,0.759513599577729
EMDs,5,0.999812118466637,0.765753057484926
RxnNormMDs,4,0.999821721361592,0.746466290077251
RxnNormMDs,5,0.999831666320692,0.747720937498409
EMDs,3,0.999807219260407,0.745976369872698
EMDs,7,0.99979880157489,0.797257919238463
EMDs,2,0.999785193358698,0.794033404593947
EMDs,1,0.999815876002975,0.74609552232424
EMDs,8,0.999799344138686,0.774214683433295
RxnNormMDs,6,0.999838585286521,0.752355964744554
EMDs,6,0.999803857165244,0.770912351395044
RxnNormMDs,2,0.999816961869309,0.776172543922769
RxnNormMDs,3,0.999822839339161,0.731989530003705
RxnNormMDs,10,0.999812838247934,0.772764952778466
RxnNormMDs,8,0.999815002032482,0.753524903532218
RxnNormMDs,7,0.999821725085873,0.788942173405911
RxnNormMDs,1,0.999830368221748,0.72574428489372
RxnNormMDs,9,0.999809592737229,0.761004425460762
BaselineMM,9,0.35906910767458,0.105378392238648
BaselineMM,8,0.359627506439213,0.102104200181777
BaselineMM,3,0.350570803565439,0.110506845770212
BaselineMM,5,0.35065949847981,0.127042901747883
BaselineMM,6,0.334225278786762,0.142326637282899
BaselineMM,10,0.366221890057752,0.0740177030877777
BaselineMM,4,0.356771628541656,0.0923621943023654
BaselineMM,1,0.347760714914658,0.105628530173438
BaselineMM,2,0.363417069843687,0.0750755179555946
BaselineMM,7,0.35176173634173,0.137357458721396
EMDs,6,0.999707808624526,0.746701738910848
EMDs,10,0.999721572508251,0.762565487212863
EMDs,9,0.999717728019265,0.755982943592812
EMDs,8,0.999722644781079,0.744891882616913
EMDs,5,0.999718343807237,0.752680035052315
RxnNormMDs,5,0.999728669974502,0.733850190551857
RxnNormMDs,2,0.999717878355633,0.768271387885415
EMDs,2,0.999716121771925,0.776991730388547
EMDs,3,0.999732009501643,0.730405574889432
EMDs,4,0.99968549925407,0.752911867639399
EMDs,7,0.99973254004836,0.784640604367915
EMDs,1,0.999731960004677,0.743914894474717
RxnNormMDs,9,0.999740100498734,0.746534266313887
RxnNormMDs,10,0.999716483865626,0.753461466456887
RxnNormMDs,3,0.999755884773428,0.719580843983671
RxnNormMDs,7,0.999739774665315,0.780901629194333
RxnNormMDs,8,0.99973867452405,0.739305219441123
RxnNormMDs,6,0.999714289417746,0.729475912355702
RxnNormMDs,4,0.999729706037018,0.736565659134333
RxnNormMDs,1,0.999746352208183,0.701604360371732
BaselineMM,1,0.349884921614167,0.108180696070341
BaselineMM,5,0.349779835360882,0.127343493335726
BaselineMM,10,0.368716505718906,0.0660384479438842
BaselineMM,9,0.359832390214129,0.111081351920766
BaselineMM,2,0.360166817663025,0.0787749702427804
BaselineMM,3,0.351346922113123,0.109027858251795
BaselineMM,7,0.35399585089798,0.135875689244518
BaselineMM,8,0.360138612957892,0.103963569568739
BaselineMM,6,0.334811153536129,0.147323873312687
BaselineMM,4,0.356996852005647,0.0948173986341176
RxnNormMDs,2,0.999730126305513,0.760297707933505
RxnNormMDs,5,0.999759043045901,0.736686786665948
EMDs,9,0.999688926373274,0.75497866306611
RxnNormMDs,3,0.999755072678193,0.717822554316649
EMDs,6,0.999677631317109,0.751439912058409
EMDs,1,0.999728181044777,0.722037911057397
EMDs,2,0.999692904394064,0.771655427968138
EMDs,7,0.999723879024458,0.788916125068229
RxnNormMDs,10,0.99972833379956,0.744940689581221
EMDs,10,0.99971106813334,0.771810642263153
EMDs,4,0.999696262886275,0.747293456304506
EMDs,5,0.999716317073028,0.753485965909941
EMDs,3,0.999718390901472,0.734431920352644
EMDs,8,0.999703828442186,0.775949386809626
RxnNormMDs,9,0.999713903612459,0.749574429504634
RxnNormMDs,4,0.999757280994489,0.736088644631435
RxnNormMDs,1,0.999736529351278,0.701578241452525
RxnNormMDs,6,0.999748109780683,0.734585322498823
RxnNormMDs,7,0.999737209311645,0.778608790972607
RxnNormMDs,8,0.999746115564929,0.737813271701997
BaselineMM,2,0.363253314462981,0.0751906322118435
BaselineMM,10,0.367948801757508,0.0768880764507303
BaselineMM,5,0.350547170542173,0.126424005573139
BaselineMM,8,0.360890074092797,0.105872419196682
BaselineMM,3,0.352541826900922,0.112538191772116
BaselineMM,9,0.36197595011621,0.108458754140117
BaselineMM,7,0.354809350232349,0.135051259659048
BaselineMM,4,0.359007950499266,0.0898137465967729
BaselineMM,6,0.335981541731568,0.147193369950221
BaselineMM,1,0.348338390722335,0.114037559726138
EMDs,8,0.99978994324301,0.769930605929561
EMDs,2,0.999784316097994,0.793833551471685
EMDs,6,0.999796881029967,0.772525551297998
EMDs,3,0.999803569233232,0.739759589692775
EMDs,9,0.999787114580358,0.778478268093147
EMDs,5,0.999800366706009,0.767243712175831
EMDs,1,0.999811658553637,0.746471616559841
EMDs,7,0.999806011472263,0.80349602628577
EMDs,4,0.999793326565402,0.76578362670082
EMDs,10,0.999797520942172,0.787670023403309
RxnNormMDs,1,0.999825554076909,0.73141328216686
RxnNormMDs,3,0.999826515783932,0.733667927883908
RxnNormMDs,4,0.999799425172395,0.741571698142495
RxnNormMDs,6,0.999818330301171,0.755054094322987
RxnNormMDs,2,0.999804419319567,0.782220607757987
RxnNormMDs,10,0.999821276241427,0.773820230827502
RxnNormMDs,8,0.999821395763424,0.75486358224976
RxnNormMDs,7,0.999820209841062,0.789733712743867
RxnNormMDs,9,0.999819157310813,0.755611458010196
RxnNormMDs,5,0.999831557517558,0.748814611949435
BaselineMM,2,0.364228365821583,0.07702880606133
BaselineMM,10,0.36877826705159,0.0755185137309088
BaselineMM,5,0.351874699916235,0.123692184369793
BaselineMM,7,0.35452719738591,0.13367545719601
BaselineMM,3,0.351776753459465,0.114284928195913
BaselineMM,6,0.335956090268658,0.146556651245987
BaselineMM,1,0.350732405475595,0.107197759340291
BaselineMM,4,0.360097213151547,0.0860978329230213
BaselineMM,9,0.361441919309065,0.10971060431976
BaselineMM,8,0.361683294419122,0.105410891121651
EMDs,4,0.999796900873063,0.764760767687565
EMDs,7,0.999802725404332,0.801670752508515
EMDs,8,0.999798932071358,0.770394611854993
EMDs,3,0.999805279749408,0.746300903631929
EMDs,10,0.999790870064565,0.79131784340108
EMDs,5,0.999809574202707,0.758082340302045
EMDs,2,0.999794906074895,0.795655477561747
EMDs,9,0.999796615253758,0.772711770831263
EMDs,6,0.999793928568178,0.772416278104601
EMDs,1,0.999808333562246,0.749230925544132
RxnNormMDs,2,0.999791314678761,0.78302427595229
RxnNormMDs,5,0.999825179398066,0.748361046011058
RxnNormMDs,10,0.999813890430298,0.774542400325216
RxnNormMDs,1,0.999829193935505,0.731290938176028
RxnNormMDs,6,0.999812710360111,0.755291657550645
RxnNormMDs,4,0.999799977633512,0.74376025712681
RxnNormMDs,8,0.999815665093124,0.759918681101792
RxnNormMDs,9,0.999812847395238,0.762074011274465
RxnNormMDs,7,0.999816038460386,0.787865487213682
RxnNormMDs,3,0.999806147022516,0.722634859303841
BaselineMM,1,0.349022147304848,0.110545906227655
BaselineMM,2,0.360664810088813,0.0764548831136567
BaselineMM,4,0.358499514694333,0.0870853721674099
BaselineMM,3,0.35223248197199,0.111167782957722
BaselineMM,7,0.353326615526112,0.129595333232258
BaselineMM,8,0.359310441840065,0.103191544335783
BaselineMM,10,0.36833526363149,0.0786182901627052
BaselineMM,6,0.334311394505768,0.146267433417803
BaselineMM,9,0.359322597722995,0.108107643182197
BaselineMM,5,0.351373894787435,0.121009956470365
EMDs,8,0.999705862233357,0.753885326976106
EMDs,3,0.999730172138021,0.71915037183003
EMDs,10,0.999698789030121,0.767182096407922
EMDs,6,0.999729593424786,0.741917393571998
EMDs,1,0.999745048454388,0.732030432568239
RxnNormMDs,2,0.999706600749045,0.752783820925985
RxnNormMDs,10,0.999747136009937,0.757844360082778
RxnNormMDs,7,0.999751357957757,0.784486790016203
EMDs,7,0.999739475141952,0.789170792088057
EMDs,4,0.999686951148207,0.742709658927274
EMDs,2,0.999676061146937,0.77861884063552
EMDs,5,0.999738942447919,0.757332329680923
EMDs,9,0.999722532745884,0.749992335479564
RxnNormMDs,3,0.999749119121346,0.705208772352786
RxnNormMDs,6,0.999749361396044,0.725677779816762
RxnNormMDs,9,0.99970556188822,0.751971318597366
RxnNormMDs,1,0.99974542158982,0.707068378704074
RxnNormMDs,5,0.99970389225236,0.733962399218827
RxnNormMDs,8,0.999713722183448,0.744949972483654
RxnNormMDs,4,0.999707971884133,0.739805684097945
BaselineMM,4,0.35850866301829,0.0841300884439795
BaselineMM,3,0.352676112123732,0.111458608715701
BaselineMM,6,0.333476198321349,0.147895906467496
BaselineMM,1,0.34897731263454,0.113106539218065
BaselineMM,2,0.362339986049373,0.0736264270525858
BaselineMM,8,0.362296272702519,0.102147767854249
BaselineMM,5,0.350372619888443,0.122418883153765
BaselineMM,10,0.366701402752616,0.0817658828692582
BaselineMM,7,0.35500481252091,0.125023039573323
BaselineMM,9,0.361238580428172,0.105184947307045
EMDs,2,0.999707352857116,0.78644268625336
EMDs,8,0.99970882058175,0.749226379633917
EMDs,4,0.999705791023436,0.751529711462399
EMDs,6,0.999712512986491,0.755583581066699
EMDs,10,0.999690139228476,0.763239358264713
EMDs,1,0.999738585632813,0.728811079725121
EMDs,5,0.999730396889844,0.749225071521995
EMDs,3,0.99971472182124,0.731436999035801
EMDs,9,0.999709888112182,0.763043437719747
EMDs,7,0.999717739789623,0.783141032841956
RxnNormMDs,5,0.999746300058305,0.735267912566543
RxnNormMDs,3,0.999727515794437,0.714890692526788
RxnNormMDs,7,0.999706752543435,0.773193720320579
RxnNormMDs,1,0.999743115305733,0.709317560286033
RxnNormMDs,10,0.999731257331005,0.756617924931824
RxnNormMDs,8,0.999708456997722,0.741380937198722
RxnNormMDs,6,0.999729971179296,0.750934800275122
RxnNormMDs,2,0.999739430930744,0.766078021521724
RxnNormMDs,4,0.999723650166169,0.729089879715024
RxnNormMDs,9,0.999705448015059,0.744061520325113
BaselineMM,6,0.337821171862178,0.140560016103848
EMDs,8,0.999701823869469,0.757114591144597
EMDs,6,0.999740901495683,0.75614714399066
RxnNormMDs,4,0.999730279138682,0.716476118634109
EMDs,7,0.999707912498465,0.786557403025903
BaselineMM,8,0.361985155250091,0.100292111780063
BaselineMM,5,0.349950746037086,0.123647632872001
BaselineMM,1,0.348866294210305,0.112937190626168
BaselineMM,2,0.361439562033813,0.0748041451026936
BaselineMM,9,0.36004449479386,0.112330574222902
BaselineMM,4,0.355851608093935,0.0949128584305857
BaselineMM,10,0.366175328807529,0.0775120107777008
BaselineMM,7,0.353732088188742,0.133556328345331
BaselineMM,3,0.35157099317772,0.110346069580487
EMDs,5,0.999732436196284,0.7610652186077
EMDs,3,0.999718096163126,0.739116956466966
EMDs,9,0.999694688308645,0.757035206213363
EMDs,10,0.999730031568407,0.7811903203171
EMDs,2,0.999696490972741,0.774291771522149
EMDs,1,0.999726907439447,0.736744298270127
EMDs,4,0.999724887522453,0.746263552556184
RxnNormMDs,8,0.999740377810112,0.730408380684717
RxnNormMDs,1,0.999738622438646,0.719833811409067
RxnNormMDs,10,0.999730953407584,0.759470239282434
RxnNormMDs,9,0.999698125038102,0.73168280073714
RxnNormMDs,3,0.999729710153967,0.710475367484551
RxnNormMDs,2,0.999732055425277,0.755913537609531
RxnNormMDs,6,0.999725546313074,0.742995511533384
RxnNormMDs,7,0.999715557416562,0.770008625193919
RxnNormMDs,5,0.999741996097034,0.74216208183021
BaselineMM,10,0.369151208567118,0.0725666881129746
BaselineMM,6,0.33550648797882,0.147777894841405
BaselineMM,7,0.354815136059768,0.128860672875609
BaselineMM,9,0.361479433233121,0.108625368265367
BaselineMM,4,0.358246696668446,0.0903779923830541
BaselineMM,8,0.361987795760524,0.101587416230149
BaselineMM,2,0.36346720435518,0.0760014334236209
BaselineMM,3,0.353709146509492,0.108205793293798
BaselineMM,1,0.349046436517486,0.111823084373494
BaselineMM,5,0.351676952617119,0.126523546507485
EMDs,7,0.999800745095243,0.800447012692891
EMDs,1,0.999812965520347,0.746534185445489
EMDs,8,0.999801831529705,0.766216605363388
EMDs,4,0.99978864868939,0.765856447570276
EMDs,10,0.99978570333099,0.786864435038506
EMDs,9,0.999792682446242,0.769769590085755
EMDs,5,0.999796881093877,0.767269166850163
EMDs,6,0.999801341751894,0.766494425751265
EMDs,3,0.99980244830413,0.745490215463136
EMDs,2,0.999786661775434,0.793475016757224
RxnNormMDs,10,0.999816423448572,0.769137352175222
RxnNormMDs,4,0.999812067373224,0.74615003803617
RxnNormMDs,8,0.999819051238231,0.756601787299476
RxnNormMDs,9,0.999812703148709,0.753411682815145
RxnNormMDs,2,0.999810503162958,0.782418163107426
RxnNormMDs,3,0.999821897912941,0.730907534516507
RxnNormMDs,1,0.999831499752406,0.724407251177066
RxnNormMDs,5,0.999829674118017,0.752533160569303
RxnNormMDs,6,0.999808556498087,0.753926755803572
RxnNormMDs,7,0.999827859659478,0.78581773362923
BaselineMM,5,0.34999983672649,0.125340130162084
BaselineMM,8,0.361021390000044,0.106555998754705
BaselineMM,7,0.353197169081906,0.130364131147675
BaselineMM,6,0.335330431981087,0.149392290267514
BaselineMM,2,0.361233460009996,0.0816819862656355
BaselineMM,3,0.351243771253884,0.112707519851037
BaselineMM,4,0.359289462166182,0.0886276444700465
BaselineMM,1,0.349611830989144,0.111339635994279
BaselineMM,10,0.368959753826348,0.0825178419610241
BaselineMM,9,0.359480547296936,0.111362030288711
EMDs,2,0.999720686201325,0.790608706045577
EMDs,3,0.999742808975558,0.721315408163185
EMDs,6,0.999705052985529,0.762485244934188
EMDs,4,0.999662277101618,0.749348922307256
EMDs,5,0.999728256752284,0.748419597961959
EMDs,8,0.999730494076911,0.753933366381186
RxnNormMDs,5,0.999732297990694,0.737780419554459
EMDs,1,0.999733729282421,0.726858182548028
EMDs,10,0.999709051721934,0.77233990917649
EMDs,9,0.999708417356439,0.751662213911132
EMDs,7,0.99972423244536,0.78159022487435
RxnNormMDs,8,0.999745758237182,0.751774217515038
RxnNormMDs,10,0.999741337055098,0.762332252918792
RxnNormMDs,7,0.999698865177346,0.776762930471101
RxnNormMDs,6,0.999720303074343,0.733928571684005
RxnNormMDs,3,0.999732068193546,0.71651449818447
RxnNormMDs,9,0.999746664161375,0.743866377364583
RxnNormMDs,1,0.999762037057776,0.696719512114183
RxnNormMDs,4,0.999730498504023,0.735727039165956
RxnNormMDs,2,0.999716276189068,0.764185576652874
BaselineMM,9,0.362271978520952,0.108555967986177
BaselineMM,10,0.369278557935367,0.0758324229873967
BaselineMM,7,0.354643889959879,0.132293514777736
BaselineMM,8,0.361974380920262,0.10512902981832
BaselineMM,2,0.362308677145081,0.0775702982957174
BaselineMM,4,0.358355352467781,0.0889156970468318
BaselineMM,1,0.35007814294456,0.109365880773415
BaselineMM,6,0.335689630715488,0.147509107684716
BaselineMM,3,0.353096504916611,0.111130797634557
BaselineMM,5,0.350830411242748,0.125148664822132
EMDs,8,0.999800568645865,0.770957541585757
EMDs,9,0.99979938930588,0.770598484583548
EMDs,3,0.999804685508532,0.748706023194095
RxnNormMDs,10,0.999809663160114,0.768116716834884
EMDs,7,0.999808377423451,0.798859297868034
RxnNormMDs,9,0.999819162857916,0.755384434732166
EMDs,4,0.99977516279682,0.76577377859444
EMDs,6,0.999802509166996,0.776513630786495
EMDs,1,0.999817774246615,0.743932615790232
EMDs,2,0.999789663249323,0.801954506660016
EMDs,5,0.999803627323542,0.764559310651929
EMDs,10,0.999802584955855,0.789686046788941
RxnNormMDs,1,0.999826143491666,0.724442802397286
RxnNormMDs,4,0.999818682845964,0.745953621282603
RxnNormMDs,8,0.999810921479077,0.755737246893511
RxnNormMDs,7,0.999820375752897,0.78799713226433
RxnNormMDs,6,0.999811171744052,0.752808603843337
RxnNormMDs,5,0.999818149382949,0.757039067675443
RxnNormMDs,2,0.999811995263419,0.785680343744931
RxnNormMDs,3,0.999826732065441,0.723957629952409
BaselineMM,10,0.368467536209139,0.0756194391634787
BaselineMM,7,0.354142679758149,0.133614090255819
BaselineMM,3,0.351807991073605,0.111611065639657
BaselineMM,4,0.358836969527229,0.0882407125230921
BaselineMM,2,0.362216748008296,0.0789316490245785
BaselineMM,1,0.34871813403698,0.103360161229335
BaselineMM,5,0.351775910123844,0.125388990386664
BaselineMM,6,0.335163018625835,0.147091606105358
BaselineMM,8,0.360182310789152,0.11024621095557
BaselineMM,9,0.362085971326601,0.10490280607071
EMDs,6,0.99971200187468,0.754737899861376
EMDs,8,0.999701673914675,0.771008882724637
EMDs,10,0.999701399625895,0.773111018076502
EMDs,7,0.999719148139936,0.790731907201887
EMDs,3,0.999726127712504,0.73746609329013
EMDs,5,0.999725583365407,0.757606844478002
EMDs,9,0.999729577934788,0.756974325714679
EMDs,1,0.999751653110122,0.737392419221108
EMDs,4,0.999724303442918,0.738771816446482
EMDs,2,0.999710010948588,0.782792404644139
RxnNormMDs,5,0.999760989458048,0.733475996693846
RxnNormMDs,10,0.999742622916081,0.762469979659719
RxnNormMDs,7,0.999754716223921,0.763169053863043
RxnNormMDs,9,0.999717724824772,0.745860630849457
RxnNormMDs,3,0.999734819196674,0.725910709476634
RxnNormMDs,6,0.999739113975159,0.74086605832207
RxnNormMDs,4,0.99975499064281,0.726193967311736
RxnNormMDs,2,0.999709454370114,0.770554414269881
RxnNormMDs,1,0.999749790723213,0.716562254544224
RxnNormMDs,8,0.999730865432953,0.728278683023217
